omega	psi_star	H
2.0	0.21597	0.04664
2.02007	0.21648	0.04686
2.04013	0.21699	0.04708
2.0602	0.2175	0.04731
2.08027	0.21802	0.04753
2.10033	0.21854	0.04776
2.1204	0.21906	0.04799
2.14047	0.21959	0.04822
2.16054	0.22013	0.04846
2.1806	0.22066	0.04869
2.20067	0.2212	0.04893
2.22074	0.22175	0.04917
2.2408	0.2223	0.04942
2.26087	0.22285	0.04966
2.28094	0.2234	0.04991
2.301	0.22397	0.05016
2.32107	0.22453	0.05041
2.34114	0.2251	0.05067
2.3612	0.22567	0.05093
2.38127	0.22625	0.05119
2.40134	0.22683	0.05145
2.4214	0.22742	0.05172
2.44147	0.22801	0.05199
2.46154	0.22861	0.05226
2.48161	0.22921	0.05254
2.50167	0.22982	0.05282
2.52174	0.23043	0.0531
2.54181	0.23104	0.05338
2.56187	0.23166	0.05367
2.58194	0.23229	0.05396
2.60201	0.23292	0.05425
2.62207	0.23355	0.05455
2.64214	0.23419	0.05485
2.66221	0.23484	0.05515
2.68227	0.23549	0.05546
2.70234	0.23615	0.05577
2.72241	0.23681	0.05608
2.74247	0.23748	0.0564
2.76254	0.23815	0.05672
2.78261	0.23883	0.05704
2.80268	0.23952	0.05737
2.82274	0.24021	0.0577
2.84281	0.2409	0.05804
2.86288	0.24161	0.05837
2.88294	0.24232	0.05872
2.90301	0.24303	0.05907
2.92308	0.24376	0.05942
2.94314	0.24448	0.05977
2.96321	0.24522	0.06013
2.98328	0.24596	0.0605
3.00334	0.24671	0.06087
3.02341	0.24746	0.06124
3.04348	0.24823	0.06162
3.06355	0.249	0.062
3.08361	0.24977	0.06239
3.10368	0.25056	0.06278
3.12375	0.25135	0.06318
3.14381	0.25215	0.06358
3.16388	0.25295	0.06399
3.18395	0.25377	0.0644
3.20401	0.25459	0.06482
3.22408	0.25542	0.06524
3.24415	0.25626	0.06567
3.26421	0.2571	0.0661
3.28428	0.25796	0.06654
3.30435	0.25882	0.06699
3.32441	0.2597	0.06744
3.34448	0.26058	0.0679
3.36455	0.26147	0.06836
3.38462	0.26237	0.06884
3.40468	0.26327	0.06931
3.42475	0.26419	0.0698
3.44482	0.26512	0.07029
3.46488	0.26606	0.07079
3.48495	0.26701	0.07129
3.50502	0.26796	0.0718
3.52508	0.26893	0.07232
3.54515	0.26991	0.07285
3.56522	0.2709	0.07339
3.58528	0.2719	0.07393
3.60535	0.27291	0.07448
3.62542	0.27393	0.07504
3.64548	0.27497	0.07561
3.66555	0.27601	0.07618
3.68562	0.27707	0.07677
3.70569	0.27814	0.07736
3.72575	0.27922	0.07797
3.74582	0.28032	0.07858
3.76589	0.28143	0.0792
3.78595	0.28255	0.07983
3.80602	0.28368	0.08048
3.82609	0.28483	0.08113
3.84615	0.28599	0.08179
3.86622	0.28717	0.08247
3.88629	0.28836	0.08315
3.90635	0.28957	0.08385
3.92642	0.29079	0.08456
3.94649	0.29203	0.08528
3.96656	0.29328	0.08601
3.98662	0.29455	0.08676
4.00669	0.29583	0.08752
4.02676	0.29714	0.08829
4.04682	0.29846	0.08908
4.06689	0.29979	0.08988
4.08696	0.30115	0.09069
4.10702	0.30252	0.09152
4.12709	0.30391	0.09236
4.14716	0.30533	0.09322
4.16722	0.30676	0.0941
4.18729	0.30821	0.09499
4.20736	0.30968	0.0959
4.22742	0.31118	0.09683
4.24749	0.31269	0.09778
4.26756	0.31423	0.09874
4.28763	0.31579	0.09972
4.30769	0.31737	0.10073
4.32776	0.31898	0.10175
4.34783	0.32061	0.10279
4.36789	0.32227	0.10386
4.38796	0.32395	0.10495
4.40803	0.32566	0.10606
4.42809	0.3274	0.10719
4.44816	0.32916	0.10835
4.46823	0.33096	0.10953
4.48829	0.33278	0.11074
4.50836	0.33463	0.11198
4.52843	0.33652	0.11324
4.54849	0.33843	0.11454
4.56856	0.34038	0.11586
4.58863	0.34236	0.11721
4.6087	0.34438	0.1186
4.62876	0.34643	0.12001
4.64883	0.34852	0.12147
4.6689	0.35065	0.12295
4.68896	0.35281	0.12448
4.70903	0.35502	0.12604
4.7291	0.35727	0.12764
4.74916	0.35956	0.12928
4.76923	0.36189	0.13097
4.7893	0.36427	0.13269
4.80936	0.3667	0.13447
4.82943	0.36918	0.13629
4.8495	0.3717	0.13816
4.86957	0.37428	0.14009
4.88963	0.37691	0.14206
4.9097	0.3796	0.1441
4.92977	0.38234	0.14619
4.94983	0.38515	0.14834
4.9699	0.38801	0.15055
4.98997	0.39094	0.15284
5.01003	0.39394	0.15519
5.0301	0.397	0.15761
5.05017	0.40014	0.16011
5.07023	0.40335	0.16269
5.0903	0.40664	0.16535
5.11037	0.41	0.1681
5.13043	0.41345	0.17094
5.1505	0.41699	0.17388
5.17057	0.42062	0.17692
5.19064	0.42434	0.18007
5.2107	0.42816	0.18332
5.23077	0.43209	0.1867
5.25084	0.43612	0.1902
5.2709	0.44026	0.19383
5.29097	0.44452	0.19759
5.31104	0.4489	0.20151
5.3311	0.45341	0.20558
5.35117	0.45805	0.20981
5.37124	0.46284	0.21422
5.3913	0.46777	0.21881
5.41137	0.47286	0.2236
5.43144	0.47812	0.22859
5.45151	0.48354	0.23381
5.47157	0.48915	0.23927
5.49164	0.49495	0.24497
5.51171	0.50095	0.25095
5.53177	0.50716	0.25721
5.55184	0.5136	0.26378
5.57191	0.52028	0.27069
5.59197	0.52721	0.27795
5.61204	0.5344	0.28559
5.63211	0.54189	0.29364
5.65217	0.54967	0.30214
5.67224	0.55778	0.31112
5.69231	0.56623	0.32061
5.71237	0.57504	0.33067
5.73244	0.58424	0.34134
5.75251	0.59385	0.35266
5.77258	0.60391	0.36471
5.79264	0.61444	0.37754
5.81271	0.62548	0.39122
5.83278	0.63705	0.40583
5.85284	0.6492	0.42145
5.87291	0.66196	0.43819
5.89298	0.67537	0.45612
5.91304	0.68948	0.47538
5.93311	0.70431	0.49606
5.95318	0.71993	0.51829
5.97324	0.73634	0.5422
5.99331	0.75359	0.5679
6.01338	0.77169	0.5955
6.03344	0.79063	0.62509
6.05351	0.81038	0.65671
6.07358	0.83086	0.69033
6.09365	0.85196	0.72583
6.11371	0.87346	0.76293
6.13378	0.89506	0.80114
6.15385	0.91636	0.83971
6.17391	0.93678	0.87756
6.19398	0.95565	0.91327
6.21405	0.97217	0.94512
6.23411	0.98549	0.97119
6.25418	0.99481	0.98965
6.27425	0.9995	0.999
6.29431	0.99923	0.99846
6.31438	0.99401	0.98805
6.33445	0.98422	0.96869
6.35452	0.97051	0.94189
6.37458	0.95369	0.90953
6.39465	0.93461	0.8735
6.41472	0.91406	0.83551
6.43478	0.89271	0.79693
6.45485	0.8711	0.75881
6.47492	0.84963	0.72187
6.49498	0.82859	0.68657
6.51505	0.80818	0.65316
6.53512	0.78852	0.62176
6.55518	0.76967	0.59239
6.57525	0.75167	0.565
6.59532	0.73451	0.5395
6.61538	0.71818	0.51579
6.63545	0.70266	0.49373
6.65552	0.6879	0.47321
6.67559	0.67387	0.4541
6.69565	0.66053	0.4363
6.71572	0.64784	0.4197
6.73579	0.63576	0.40419
6.75585	0.62424	0.38968
6.77592	0.61327	0.3761
6.79599	0.60279	0.36336
6.81605	0.59278	0.35139
6.83612	0.58321	0.34014
6.85619	0.57406	0.32954
6.87625	0.56529	0.31955
6.89632	0.55688	0.31011
6.91639	0.54881	0.30119
6.93645	0.54105	0.29274
6.95652	0.5336	0.28473
6.97659	0.52644	0.27713
6.99666	0.51953	0.26992
7.01672	0.51288	0.26305
7.03679	0.50647	0.25651
7.05686	0.50028	0.25028
7.07692	0.4943	0.24434
7.09699	0.48853	0.23866
7.11706	0.48294	0.23323
7.13712	0.47753	0.22804
7.15719	0.4723	0.22307
7.17726	0.46723	0.2183
7.19732	0.46231	0.21373
7.21739	0.45754	0.20934
7.23746	0.45291	0.20513
7.25753	0.44841	0.20107
7.27759	0.44405	0.19718
7.29766	0.4398	0.19342
7.31773	0.43567	0.18981
7.33779	0.43165	0.18632
7.35786	0.42774	0.18296
7.37793	0.42393	0.17972
7.39799	0.42022	0.17658
7.41806	0.4166	0.17356
7.43813	0.41307	0.17063
7.45819	0.40963	0.1678
7.47826	0.40627	0.16506
7.49833	0.40299	0.1624
7.51839	0.39979	0.15983
7.53846	0.39666	0.15734
7.55853	0.39361	0.15493
7.5786	0.39062	0.15258
7.59866	0.3877	0.15031
7.61873	0.38484	0.1481
7.6388	0.38204	0.14596
7.65886	0.3793	0.14387
7.67893	0.37662	0.14184
7.699	0.374	0.13987
7.71906	0.37142	0.13796
7.73913	0.3689	0.13609
7.7592	0.36643	0.13427
7.77926	0.36401	0.1325
7.79933	0.36164	0.13078
7.8194	0.35931	0.1291
7.83946	0.35702	0.12746
7.85953	0.35478	0.12587
7.8796	0.35257	0.12431
7.89967	0.35041	0.12279
7.91973	0.34829	0.12131
7.9398	0.3462	0.11986
7.95987	0.34416	0.11844
7.97993	0.34214	0.11706
8.0	0.34017	0.11571
